407.28
246.98
413.09
237.12
413.09
229.58
414.43
290.8
283.6
270.03
262.0
229.0
231.59
388.29
238.79
413.54
394.76
333.27
403.26
388.7
307.14
226.82
284.8
224.98
393.42
284.8
295.6
248.99
275.2
397.0
284.34
295.06
293.72
276.8
233.99
238.79
301.32
233.78
384.15
294.62
229.72
281.2
236.99
337.47
228.56
228.56
405.49
269.6
335.07
266.9
390.74
357.88
252.78
395.21
358.48
310.27
404.6
287.46
226.24
392.53
231.46
250.89
264.0
264.0
397.0
350.08
274.5
389.94
405.04
406.83
268.24
316.47
238.42
413.54
240.59
374.63
242.92
307.14
299.09
220.18
241.79
241.19
242.99
246.4
319.47
400.57
277.2
256.19
263.2
271.82
278.8
276.29
372.56
265.2
286.57
329.07
312.95
292.4
344.68
291.49
777.88
1315.51
811.25
1461.69
1095.91
645.88
1156.81
1229.09
728.48
1134.32
658.81
1259.15
1235.59
1273.58
1331.71
1170.01
903.15
657.43
1079.3
742.95
1363.88
1324.7
882.19
1127.97
772.97
1343.83
782.87
726.0
612.33
748.34
1213.53
996.74
943.2
774.29
1134.83
687.96
956.86
1193.19
1210.71
896.6
704.55
945.6
1126.25
728.87
957.64
1201.58
1405.63
1347.03
936.14
1203.3
773.16
1330.6
1077.54
1263.34
1069.45
879.0
1179.47
1047.23
711.64
650.96
1177.3
565.87
1060.99
895.14
1223.19
1161.18
749.44
732.98
1433.15
488.85
624.2
936.14
745.95
958.79
1045.49
1164.29
1328.94
731.48
718.5
794.23
1296.31
1052.45
905.55
1445.04
1045.63
890.57
805.04
939.38
835.08
1264.83
1291.98
1142.32
916.4
668.51
629.08
1098.52
962.64
587.87
602.37
834.85
1894.14
1373.96
1851.5
919.87
1198.27
2116.99
1167.08
887.64
1142.51
1695.63
1489.33
1288.8
1410.75
1047.35
1815.71
1704.9
1432.93
1276.68
2031.57
1407.19
1032.64
1688.26
1993.26
1722.99
1941.56
1168.45
1305.9
1923.36
1311.79
1712.83
571.82
1473.97
1194.74
1512.19
904.02
1835.2
1144.14
1612.05
1623.44
1356.96
1046.08
1183.5
839.55
1767.45
1517.62
1776.51
1789.67
2111.01
1439.73
1793.68
1259.66
1265.26
1839.08
1329.42
1951.83
1290.94
1180.72
722.24
1567.02
1403.52
1291.43
1637.42
1825.12
1338.23
1475.07
1696.48
1692.68
1711.16
1678.52
1970.43
1513.97
1630.36
1418.31
1178.19
863.58
1162.04
1817.43
1414.5
1667.55
993.0
1862.86
1506.62
1615.14
1925.77
1362.4
1632.32
1864.92
1058.02
1631.67
1054.57
1749.6
2049.36
2068.44
2031.62
1073.69
1207.01
971.31
2283.73
1459.28
1589.24
1479.12
1231.22
1331.25
892.79
1260.99
746.41
757.5
1388.95
1232.35
1562.06
841.75
1255.98
1005.39
813.25
1137.37
1016.05
1053.88
761.5
1071.0
775.25
1515.59
770.99
756.52
1161.25
1217.88
819.5
1278.2
1723.25
753.25
910.58
546.92
682.68
713.03
1823.67
1179.97
842.35
738.24
660.84
1052.99
1150.91
686.07
757.32
1231.2
1368.83
1031.85
1001.76
1176.4
668.09
794.75
1060.65
1631.98
968.95
686.57
1060.06
640.48
675.45
1316.91
1266.95
579.14
708.04
758.97
1072.06
1980.27
1295.43
570.99
1344.29
1371.73
825.5
691.51
822.0
1285.12
1055.23
1271.94
1189.02
1219.96
1280.13
1347.34
596.5
698.22
1320.5
753.71
1143.6
1325.0
761.25
1129.47
833.95
1815.34
700.0
957.28
1170.13
645.77
1055.64
822.0
1248.15
1584.53
1259.03
1122.46
800.98
1498.06
1739.28
985.78
750.75
1121.14
1131.55
895.96
548.65
1105.66
1043.28
628.8
1191.06
719.66
1039.61
841.17
1057.64
813.75
759.17
1602.25
560.14
1724.7
505.19
963.14
534.13
816.47
690.34
838.63
871.53
1382.86
754.05
522.33
1333.12
528.75
784.15
948.09
975.34
579.36
1433.85
1019.68
878.98
815.21
969.77
1101.14
922.37
638.2
676.8
633.78
1313.94
554.98
882.0
1316.07
656.63
491.39
462.58
688.75
673.4
1111.94
653.72
799.78
926.13
648.4
625.28
838.03
930.02
869.15
818.19
1270.54
678.71
876.61
1162.66
1205.9
620.67
783.82
997.9
1064.66
1041.11
744.22
977.59
1140.02
1194.7
979.4
650.68
635.35
716.05
653.4
651.62
940.19
715.07
1259.58
959.75
775.35
1237.69
626.95
540.74
681.38
881.23
696.24
633.01
1054.35
897.47
959.32
945.06
944.71
949.8
573.46
428.16
972.36
422.97
957.95
584.76
954.26
548.45
862.2
696.54
628.7
631.71
628.81
854.88
886.59
1148.98
865.18
659.82
1102.74
935.42
1182.64
636.71
645.28
621.01
555.96
666.88
980.23
636.11
647.68
901.97
692.01
678.23
479.92
666.2
1185.35
657.46
1108.96
564.41
688.35
1026.95
861.47
448.1
649.12
630.34
1078.5
1086.79
660.15
948.18
1169.97
1000.86
1083.07
1217.34
950.11
637.17
596.68
809.23
983.1
1153.01
819.47
1101.9
1052.43
828.56
1133.27
761.67
712.94
628.08
1004.44
1179.8
677.93
672.27
831.39
1307.25
996.75
768.12
1080.01
598.13
1080.37
683.22
583.49
998.03
648.56
752.28
778.36
1186.33
1193.35
975.67
903.11
1062.6
1124.87
1094.99
971.13
1155.08
788.4
1185.06
1110.9
1041.32
843.44
1015.41
1199.28
796.92
1358.85
1080.98
621.42
1120.26
805.27
664.4
781.95
1195.47
874.08
1029.17
903.38
1301.31
1116.79
847.11
888.59
1057.93
1043.64
830.35
1313.68
505.64
1065.33
622.87
831.07
1039.96
1242.28
775.83
1291.09
838.53
847.22
825.56
613.45
1224.47
1034.95
806.97
1131.09
1090.93
610.44
1157.74
542.07
935.38
817.08
1015.37
1079.87
939.43
810.53
1136.76
1133.56
753.3
2116.29
1858.3
2054.07
1717.21
2094.46
1842.1
1856.57
2101.31
2068.57
2094.07
2345.32
2025.53
2099.88
2140.28
1845.65
1864.03
1760.38
1866.23
2093.03
1983.06
1919.83
2069.36
1770.17
1970.79
1812.92
2259.67
1850.39
2456.29
1889.48
2219.03
1811.51
1837.16
2034.41
2094.41
2140.31
1848.32
1872.43
1884.16
1950.08
1878.9
2011.08
1874.16
2063.44
1987.16
2044.99
1868.73
1928.2
1849.39
2013.04
2282.87
1895.58
2358.45
2488.9
1877.79
1815.43
1905.56
2042.04
2348.25
2133.47
2441.71
2264.2
1953.6
2155.49
2147.14
2094.08
2030.25
2060.81
2052.34
1870.41
1876.74
1968.78
1859.95
1902.84
2134.0
1876.14
2482.85
1912.47
2180.89
1785.4
2126.02
1798.0
1727.3
1888.65
1932.92
2081.69
2118.46
2418.11
1879.06
2108.4
2142.27
1900.93
2231.05
1993.34
2087.98
1920.45
1711.85
2434.28
2185.72
1840.03
2066.8
1237.0
1078.8
943.92
1818.76
1292.87
861.82
1518.46
1712.8
585.96
1285.66
2153.86
1596.2
1991.83
1654.85
1663.0
2124.06
1531.44
2137.41
1882.65
1569.57
1453.78
2068.57
1618.98
1826.97
1489.02
1246.55
1395.12
843.3
1946.58
2014.59
1734.17
1335.93
1947.63
1030.74
1366.77
2178.77
701.6
1822.7
1491.81
460.08
1956.6
1794.35
1480.67
668.92
1243.75
1639.8
2042.35
895.11
1479.57
1328.0
1329.52
1210.96
1281.24
1968.57
1335.73
1036.35
1719.7
2173.41
1276.5
2207.33
1538.7
1122.83
537.84
343.5
1481.33
1136.79
1208.43
2264.46
1238.75
796.04
1414.7
1259.75
1242.76
525.65
1276.33
1490.52
1996.46
1789.46
728.5
1360.66
1292.39
987.58
1539.53
1809.11
571.6
1985.85
1084.0
1613.19
1143.92
1819.03
2073.96
881.25
1771.87
1336.75
1563.48
1606.94
1931.42
1291.08
1006.06
1009.02
1595.92
2053.38
1525.18
1771.03
2274.19
2043.08
2094.69
1972.32
1243.0
1667.28
1449.73
926.17
1230.33
1350.84
1390.25
1407.19
1954.26
1410.22
1293.82
1720.87
1019.31
1580.88
1800.12
1281.17
1064.59
1962.0
1238.19
1613.58
1405.96
1852.62
588.0
1195.34
1510.26
1022.76
691.05
1519.31
1231.79
1093.2
2095.98
1212.58
746.75
1309.31
867.27
1845.02
1290.72
2068.55
1974.02
1042.68
864.86
1543.48
1585.33
1378.3
1999.54
2131.94
1530.41
625.02
1389.11
720.5
1980.48
1698.38
1879.15
960.8
586.8
1421.53
1458.85
1454.77
841.75
1415.04
1554.64
1965.92
1921.11
2029.62
987.2
2109.27
1190.42
1454.85
1453.32
2206.61
1638.18
1649.97
1175.0
2080.95
1933.01
1461.49
1452.33
1504.4
562.55
856.36
812.13
1831.64
2090.09
1951.46
1352.49
1197.81
1207.26
1221.91
1549.48
1975.17
1228.33
1440.1
1590.98
1417.22
1835.96
1212.84
944.09
1575.56
1506.37
1688.82
1408.71
2092.01
1592.9
1697.69
1883.45
1549.9
1608.09
2101.9
1663.22
2171.4
1727.17
1220.14
911.47
2275.47
2084.95
1946.14
1153.52
1581.74
1040.54
512.11
1445.24
1997.48
1261.0
1454.89
1205.13
2135.27
1957.86
1535.63
1958.84
2123.14
2228.24
1718.68
1555.14
1347.47
1765.68
1252.48
2117.02
1688.68
1198.19
2161.59
1688.13
2252.96
636.9
668.34
1991.98
1502.08
1633.05
2293.94
1393.86
2263.93
1376.76
2286.99
1376.27
1740.43
879.67
1361.92
1837.03
1838.92
1073.39
1595.65
1172.98
1772.52
1547.28
1052.23
1303.95
1873.22
821.62
1260.95
1733.17
1956.12
1728.24
1166.27
774.94
934.65
913.69
1354.24
1280.25
857.2
1932.27
1190.77
1323.67
1753.43
1375.6
846.56
1818.56
1131.47
1098.83
1379.25
649.13
1416.17
1115.44
1848.19
808.68
1411.53
926.29
2065.61
1353.0
1503.28
1813.62
1993.43
951.72
1862.42
1614.89
1115.88
1242.72
1509.98
1411.9
1073.16
1545.17
1668.96
1652.11
1421.62
1520.01
1682.64
839.0
1348.92
1333.33
1522.12
1222.49
1682.22
1810.82
1279.56
1293.13
1379.46
2064.35
1431.2
1421.47
598.8
1093.03
2007.28
1608.18
909.23
1897.54
1138.96
1091.69
1954.52
1203.39
1324.25
479.94
1123.75
1855.15
1801.87
965.43
1274.16
1861.51
1520.91
1600.31
1794.34
1564.28
1090.22
1088.47
1768.12
1969.16
1679.45
2052.33
1445.61
1663.37
1634.09
1788.59
880.94
1755.12
1493.08
1316.76
1282.76
2070.97
843.17
1617.91
1490.58
2272.41
2274.41
1450.31
1503.29
1284.5
1953.09
1473.61
1126.51
1022.17
1423.18
1157.75
1389.13
1666.22
1943.42
1413.25
1063.18
1375.0
987.24
1301.97
1230.39
2109.97
1572.59
1715.1
1107.75
1637.23
1670.65
421.2
2255.15
1261.75
1614.64
1503.73
1793.26
1895.08
953.51
746.6
1458.71
831.46
1593.3
1782.57
1946.81
517.08
1377.5
1440.06
1435.63
1449.57
1718.45
1194.73
2074.78
1075.81
1394.75
1528.19
1597.68
1917.31
1681.55
727.12
1831.26
658.81
1407.8
1961.37
1711.42
727.48
1401.59
1558.47
1060.02
1556.92
1076.07
1388.91
1560.64
1518.01
2096.5
1677.03
1280.39
1228.88
1109.83
1698.61
1289.59
1613.63
1356.67
913.79
1048.14
1712.88
1101.92
1906.24
1088.1
2056.84
552.7
1785.6
1261.32
2269.4
1550.8
529.5
1055.43
1649.35
558.33
1391.84
1726.68
1377.74
1597.49
1404.09
2104.12
1324.16
1696.91
667.12
1611.06
1232.91
1419.38
1593.12
1611.88
1504.59
456.21
1231.31
867.78
1352.25
1384.99
1048.14
1589.81
803.31
1050.97
1178.45
1396.36
1897.52
2073.16
2128.0
1370.0
1997.28
2052.31
947.59
1174.4
752.82
1081.37
1670.49
1359.66
1950.73
2051.16
1668.95
796.98
1589.48
1236.95
1579.99
1573.84
1980.72
1531.88
1799.41
726.49
1433.34
1420.22
1498.12
1557.03
1371.97
1568.33
1629.21
893.33
1132.39
1289.53
815.95
1466.06
1250.0
879.76
1645.35
1369.93
2136.31
1077.6
530.68
1233.07
1556.26
2240.56
1856.46
1629.69
1295.56
1802.37
1622.38
1569.44
1443.49
1102.16
1946.58
1260.5
1444.04
1467.51
1560.29
1943.66
2121.26
2052.93
1367.2
898.67
1227.41
1053.7
1318.07
1121.38
1786.69
1515.3
838.82
1298.66
2155.11
1256.91
1187.43
886.18
1263.57
1253.3
791.83
1580.5
887.75
1255.82
1219.75
1290.42
1922.24
1105.83
1436.25
1277.92
1298.02
1323.06
1856.13
727.2
1490.01
1103.46
576.22
1104.01
1024.77
1417.26
962.15
1514.18
1173.56
1542.17
1027.31
1849.61
1165.24
1413.39
1090.8
1672.31
2201.59
2093.56
1641.39
1292.54
567.75
1619.75
1479.87
1249.06
1245.71
1565.61
2040.38
1586.44
1202.22
1356.58
1054.61
1944.67
1799.75
2083.95
1207.26
1489.73
1792.76
1349.22
1663.29
808.09
2103.83
1248.3
1663.49
1283.75
1135.46
1613.19
1774.85
1268.0
1903.63
1246.41
1390.37
750.9
1418.64
2163.48
1566.21
1660.82
2104.03
1452.88
1330.1
1765.18
1343.38
1696.92
1291.64
1676.29
1559.33
1983.06
866.07
761.09
1828.55
1237.25
1288.41
477.47
1319.75
852.72
895.04
1759.25
1026.89
1681.29
1707.92
2122.1
1198.81
1829.41
1374.59
1126.73
1423.26
1912.85
1238.23
1491.66
1467.13
1450.15
588.0
1674.73
1524.36
1268.46
1126.98
1591.54
1507.38
1264.63
1570.0
1369.41
1454.62
1727.7
884.09
1875.19
1450.74
2115.18
1199.06
2260.48
1589.63
2220.84
1380.5
1061.19
1936.06
1678.17
1265.69
899.03
1458.2
1942.34
1603.93
1601.31
1316.34
370.59
1652.3
1015.97
1163.69
1823.3
2085.38
1348.0
1302.75
1489.74
1159.91
709.93
1574.63
1234.82
1331.25
1329.58
1304.27
830.75
1165.94
1315.59
1785.01
1388.75
2290.31
1514.79
1193.6
909.29
1573.51
1633.52
1511.58
1332.25
1639.53
735.79
1548.24
1195.32
827.5
1239.0
1646.78
1440.95
1909.99
1467.44
1567.5
704.32
1319.49
1769.28
1143.6
1986.04
1168.27
1821.91
727.48
664.36
1468.34
1046.93
1845.4
1020.76
2203.48
1466.16
1148.01
1808.64
1100.0
915.42
1963.41
1705.44
536.8
1140.8
754.66
830.75
982.63
1398.15
1578.29
1286.25
1847.26
597.7
865.41
651.49
1359.33
1033.85
1370.5
1121.58
2290.12
1397.31
351.6
1769.5
1102.66
578.01
1151.55
1179.52
909.46
1628.23
1660.6
1960.61
798.03
372.97
1245.11
1216.94
2009.3
1342.8
1053.94
1985.95
413.07
575.19
1984.63
1627.74
708.62
839.93
1107.16
1103.19
1310.18
1447.73
1711.41
536.25
1405.04
823.23
1268.18
1430.74
1722.47
1444.95
1826.14
1785.46
1411.51
1940.87
1188.0
1482.45
1110.36
1279.36
1506.32
974.44
1475.87
1617.92
1408.08
1724.97
1463.6
1640.03
1508.8
1245.47
1193.44
1181.53
1083.93
1645.32
1811.68
1213.35
1366.39
2266.23
2271.22
1848.76
428.91
1125.07
1354.44
2253.31
1194.57
1444.29
1607.14
1031.52
1982.81
1765.64
1975.32
1796.84
1810.96
1027.92
2283.16
1918.73
601.09
1083.99
878.2
1388.82
1432.06
1258.1
1335.56
1482.42
1289.15
1955.57
1389.75
1030.45
1280.37
1495.71
825.01
1400.58
1683.42
1277.79
551.02
868.28
1108.6
1222.73
1498.21
1039.1
2049.27
1532.83
719.25
1360.95
1405.28
1498.21
1127.47
1258.52
1779.81
1525.22
1846.92
2260.31
1782.72
1758.24
1214.34
1215.95
1262.23
1185.79
1772.0
1649.13
674.25
1868.18
1929.41
1936.75
1852.63
1305.43
1287.5
1504.81
1212.54
1694.22
717.01
347.16
939.02
686.53
1408.53
976.67
926.15
807.94
1037.37
1636.14
1488.29
688.94
1340.58
1762.69
844.88
1686.29
1764.72
1697.33
1966.3
469.4
1528.72
1756.84
973.27
1318.6
1244.99
1275.69
1948.36
1386.5
1418.64
847.44
2252.69
1224.25
1985.19
1293.37
1212.74
1379.78
1557.15
674.78
1139.95
481.76
1349.5
1751.99
2029.32
676.59
2101.42
783.75
1460.45
1222.65
1134.79
1680.97
1264.25
1658.05
1526.27
874.7
756.33
1246.97
1903.63
1717.12
1154.76
2249.46
1935.68
1531.66
912.71
1299.44
1808.08
842.78
1508.35
1201.94
1620.42
1567.6
1331.29
1443.6
1466.28
1650.95
1647.27
1613.19
1541.48
1313.38
1175.59
1440.12
2127.76
1056.26
1535.73
982.67
1033.59
1629.06
1590.68
1881.42
1167.08
1239.57
1257.01
998.05
2094.16
1470.94
2117.6
561.68
1565.56
1333.79
1361.19
1764.88
1893.39
2023.47
1454.4
1241.13
1224.75
1730.67
2059.47
538.22
2052.24
622.51
780.55
1634.0
1124.73
1667.87
659.0
2213.63
1676.46
1957.86
1994.66
1184.79
1526.55
1721.81
2001.43
1817.9
1228.31
1002.43
881.51
1364.85
867.43
1657.48
1710.15
1548.67
2265.62
1551.59
1496.42
1293.72
1267.79
1773.13
1890.19
1835.69
653.32
1133.54
859.83
1575.09
2057.32
1618.98
1310.09
2001.52
1420.25
1369.5
1439.07
1900.77
1679.74
1942.94
1120.32
1107.75
1069.23
1650.57
1531.48
1551.59
603.63
1265.38
942.66
1177.12
1096.5
876.0
493.17
1318.14
1346.06
1455.82
1074.8
729.75
1012.9
1535.33
774.25
731.65
1538.94
1758.72
1452.3
1633.69
1622.62
1936.11
1427.96
1588.59
1475.66
1290.39
1731.58
1410.01
1405.85
720.99
1164.65
1059.63
1373.26
649.8
1612.05
1947.49
1603.52
1455.37
1795.57
1003.07
1578.45
2253.57
1182.41
1504.38
2091.73
1153.79
1107.39
1215.05
1662.36
1277.21
833.5
2201.1
2221.22
2172.05
1360.75
1475.63
2072.22
1549.54
1965.23
1658.15
2010.49
1501.84
1296.03
1787.1
1329.0
1418.31
1632.61
1493.29
1819.36
1401.61
1122.6
673.72
1610.71
1475.12
1092.01
1140.4
1137.35
1191.7
1491.48
566.87
761.61
1361.21
1877.08
1792.38
1269.76
2197.94
2011.36
1956.21
1090.61
1379.0
946.57
1335.17
1381.36
2082.29
771.0
1594.08
999.35
1563.03
1844.55
1270.25
1462.32
1133.11
1608.69
1574.35
526.63
1033.71
1212.4
1487.49
1555.41
1382.93
890.07
1475.68
1773.41
221.98
710.82
2322.63
1261.23
852.0
1225.27
2011.36
611.47
848.85
2058.51
1604.42
1541.46
2136.11
2266.72
1226.0
1822.3
1376.91
2069.89
1777.42
1665.23
1586.4
2209.27
559.56
1643.02
1049.27
1803.42
1615.47
990.77
1301.24
1581.07
1296.45
898.74
1486.99
2032.38
1379.37
989.23
1284.23
1273.0
1553.05
1856.66
1726.05
635.42
270.49
759.73
1730.16
1609.77
1931.42
1425.69
1221.29
1926.78
1697.57
1695.29
803.5
2010.78
2023.86
1339.03
2094.04
1911.33
1109.79
1818.25
1213.91
1054.7
1071.88
888.2
1586.96
1630.01
1791.63
986.36
1945.28
623.6
1816.46
1487.92
1284.25
611.45
789.06
1733.71
1507.07
1637.81
1123.15
1789.7
1362.84
851.67
1932.67
1360.08
983.3
729.0
1164.98
2222.97
2419.48
1174.71
675.15
1318.43
1075.6
829.0
1630.59
1251.18
1750.64
1434.22
1215.7
1339.64
1830.85
811.17
1210.02
1862.78
1925.7
417.57
2252.14
1439.51
2059.88
1933.31
843.8
1223.47
565.85
1598.98
1636.27
774.34
1110.83
1576.39
588.83
902.19
779.18
1817.09
1683.93
2025.89
897.38
1304.7
1397.09
1376.99
1862.72
811.0
1810.05
1208.03
1343.5
786.0
1699.06
1688.42
1917.6
1621.58
825.86
1439.31
1049.9
1770.19
1729.0
1462.95
1624.69
798.15
1075.2
1074.78
1013.98
1184.51
1343.46
1831.69
1513.45
1230.16
1256.9
1516.39
1288.0
1641.37
1838.22
1223.32
1828.88
1502.99
1691.59
1499.55
1213.14
1463.51
1982.55
1490.71
925.35
1509.56
1839.91
2103.85
1426.9
1702.21
1615.95
1313.0
1453.0
1447.16
1902.68
791.75
1354.45
912.53
1843.6
1835.05
521.36
1398.41
1910.51
2071.36
1193.77
1128.52
776.38
1092.58
2021.76
1232.69
1873.51
1175.28
710.56
1225.72
1457.12
1103.53
1673.06
1100.52
430.25
1086.82
1766.67
2104.55
1878.03
1497.68
1971.36
1193.85
1253.03
1500.54
1744.77
1382.5
1299.08
1331.58
1616.55
1187.85
1755.23
1476.01
1075.37
916.19
674.26
1951.68
1074.13
1811.35
960.79
846.5
1544.09
1649.69
1122.69
1315.3
1796.86
858.25
2031.54
963.68
770.92
1519.52
1027.93
1586.4
2003.43
1028.16
1825.45
2214.28
1738.87
766.49
441.17
864.2
1273.29
1666.77
832.75
1766.42
1865.29
1152.11
1595.79
802.2
779.2
1446.88
837.57
333.64
1185.01
1822.12
1802.41
1542.77
1994.54
1525.9
1969.13
1953.56
1325.5
1150.46
1630.58
859.25
1305.56
1659.61
1660.16
1351.46
1654.72
1221.55
1501.87
1475.9
1228.57
1284.79
913.84
2253.94
1007.96
1651.1
2281.15
786.74
1851.94
334.36
2308.56
1097.19
1666.28
1607.88
1188.8
1725.05
2288.69
1454.08
1387.53
613.71
1578.14
1823.77
1347.01
1043.48
1928.21
881.64
1812.56
1537.36
1227.02
264.99
1849.2
480.85
389.6
1378.61
1177.2
1844.6
1770.75
1684.53
2086.64
1589.4
1143.95
1371.88
1235.97
933.63
1604.6
1165.34
1491.92
1061.48
1233.61
1647.95
1983.29
1457.2
813.96
1523.65
1278.48
1736.45
812.75
681.66
1339.83
1204.25
1392.89
1179.29
1483.19
1400.09
1896.82
1007.8
1843.6
872.09
2144.63
1984.14
1806.51
1011.03
1155.36
858.53
2210.16
1228.85
892.86
1606.73
1196.66
884.52
558.15
1020.8
509.01
2177.1
1834.87
1661.47
1678.95
1224.36
618.79
1621.65
1621.79
1040.56
465.2
1501.05
1426.73
544.32
1284.41
687.07
1221.54
1099.8
1980.9
1042.8
701.2
1244.75
2208.25
1643.73
1855.13
1915.43
1275.85
1424.21
1921.44
1224.25
966.89
1196.67
1949.51
1403.14
1509.47
1143.92
2015.8
1982.8
1496.75
756.25
1871.76
1886.91
1531.59
1637.16
1485.46
1131.45
1861.83
1511.58
1264.92
1768.38
2064.86
1379.37
514.51
1360.97
1007.8
1209.55
379.6
1348.88
1808.47
1826.13
1167.19
1311.38
1749.65
1978.6
1560.09
956.14
1446.08
585.8
2108.39
1682.46
1173.13
1944.64
1271.29
1628.27
2073.58
1384.23
812.19
1051.53
1330.51
1935.38
1531.16
1119.48
1283.98
1232.68
1459.76
2068.4
1288.87
1936.49
1305.92
954.89
2061.81
1173.8
1491.14
1079.84
1340.34
884.62
1056.99
1289.52
1468.22
1555.57
1210.36
2097.55
1205.29
975.65
997.54
2049.87
1886.71
1671.15
1277.75
1376.71
1230.0
787.84
1990.5
1022.32
1995.63
970.43
1523.16
777.25
1602.92
1049.25
1016.38
384.98
1678.05
1795.09
614.98
1324.94
2131.73
2230.82
1975.69
2010.78
1204.54
1406.01
1588.64
1628.25
2196.54
1275.85
691.44
2093.3
1400.83
1359.47
1782.94
2306.86
1295.42
1528.19
1514.38
1507.6
1140.28
1128.08
1069.89
1479.13
1410.73
2078.29
1330.5
1475.45
1534.78
1978.66
1540.1
2236.67
1016.39
1502.44
1484.36
1515.12
1885.4
660.2
1176.29
1190.17
2227.26
1997.53
1050.3
1806.19
1716.52
1587.39
1589.66
981.99
886.33
1653.01
511.2
2205.24
1897.15
2209.02
1847.11
1810.17
1643.69
1630.65
1902.99
523.92
1967.73
1214.34
1152.4
1892.22
1584.87
1475.59
1805.24
1966.1
1450.03
1561.91
1346.81
1376.84
1906.97
834.83
1446.76
1153.17
1478.96
672.81
752.73
846.85
1517.05
586.88
1523.54
865.3
1719.43
1963.54
1798.88
1365.47
1917.39
1629.14
1390.55
1471.03
1825.86
1060.8
751.0
1084.47
2171.77
1543.88
2126.94
2160.15
671.91
519.26
1728.64
1100.79
1980.36
887.85
2038.44
1286.45
1760.35
1798.12
1294.95
1419.94
1360.66
2195.21
1215.99
2406.3
1556.08
1402.74
1548.73
1540.46
1916.51
1909.16
1352.73
1016.13
2241.71
1171.55
729.17
1434.89
1186.27
1379.53
1135.29
1167.06
1342.73
1542.36
1314.03
2130.3
1285.02
1344.49
1462.04
537.89
1479.41
1267.94
2209.06
1982.47
684.4
775.75
1440.2
2034.87
1006.77
1873.46
819.88
1194.75
1400.27
701.75
2203.26
1301.0
1019.28
1846.92
1723.42
1509.58
944.88
740.5
1679.14
1382.26
2047.96
1309.89
1557.75
1949.33
1225.41
1782.5
1585.55
1614.71
1830.07
614.4
1863.82
1383.03
1658.98
549.99
667.53
1934.89
1759.39
1350.04
1059.71
1305.0
1892.6
1664.05
1708.88
1489.3
1631.68
1337.64
1787.96
1932.51
1613.08
1205.95
1242.98
1032.53
1655.85
2171.51
1639.1
1979.86
2265.93
2202.44
1491.15
1478.39
902.77
1042.14
1529.18
725.1
1662.19
1292.47
2048.72
881.47
1962.38
1540.6
1452.41
1588.17
1267.96
1926.27
594.13
1120.0
769.15
1274.96
809.21
2233.11
1720.13
2141.61
1449.39
1397.51
989.37
434.49
902.54
1853.68
1632.42
1835.46
725.5
894.72
1374.75
1236.4
1454.38
1035.36
899.85
1290.81
1565.39
1946.77
796.62
1327.76
595.1
765.0
1961.2
1515.95
1738.33
1243.2
1820.26
1220.91
2025.68
2179.46
1186.87
1971.5
1810.89
1490.58
1023.27
1195.24
1906.62
325.91
2093.6
1781.14
1193.81
1532.43
962.49
1815.59
1088.0
1324.11
1667.33
1207.46
804.48
1791.33
1819.35
1553.23
827.08
1195.63
1898.22
672.58
1625.92
1768.93
1046.62
1209.64
1830.55
1676.88
953.71
2059.75
1503.45
1190.37
1395.07
1833.32
1057.54
1267.25
2124.37
1341.32
1176.87
1611.47
2055.29
1420.29
852.25
1605.05
801.25
893.27
1313.41
1290.15
613.2
1501.88
540.0
1638.4
1157.6
1652.61
1613.48
1732.46
1651.48
1533.73
472.84
968.78
2140.36
1814.08
1512.91
1830.78
1786.75
1373.33
1080.26
1286.02
1076.01
1356.45
436.0
2299.78
1205.1
931.17
776.93
815.61
2283.04
1204.72
1311.55
2006.41
2184.27
1092.28
1462.47
1314.25
1242.79
1884.43
1439.97
1497.8
1964.15
1307.4
2114.83
1560.0
1582.22
1006.49
1004.64
1728.87
1696.32
1370.75
1081.08
1820.15
1190.94
1716.15
1725.48
1448.68
1664.08
1105.2
1319.99
1243.5
2064.72
1182.4
1845.54
1561.08
2020.63
2153.86
1311.15
1193.17
1733.79
1389.26
1358.25
961.47
979.14
1451.42
1294.05
1847.86
1677.84
1289.06
901.26
1162.0
1074.98
1936.86
1594.08
1209.55
2028.05
1368.0
1542.86
2280.39
1811.97
1427.18
1707.19
1530.86
1148.4
769.0
1315.72
2138.78
1863.26
1885.18
2305.63
1900.52
1818.45
1234.95
1137.94
1363.78
1689.39
1451.88
1701.85
1125.6
1506.89
1595.93
1084.56
2251.94
1413.81
1997.3
2203.67
1239.0
687.3
1337.05
2225.6
1700.05
1589.0
946.12
2005.74
2149.39
1859.69
1388.25
1701.16
2152.86
528.75
690.64
1328.0
864.74
1384.84
1455.73
1924.2
1100.88
1133.78
1274.29
1166.84
1512.65
1463.06
1505.81
1102.8
1614.17
1752.7
1294.1
1050.79
2075.02
1177.39
1517.62
1244.75
1406.29
1725.81
1478.21
1332.3
372.97
927.48
1434.19
657.38
1546.73
1806.84
1378.48
2226.2
1803.59
2092.17
1698.05
1639.44
1527.75
1986.12
1697.4
1892.83
2006.06
2212.46
1426.1
2096.58
1501.79
1487.46
2093.38
1147.78
990.08
1952.08
1900.04
1428.76
1059.14
1540.42
2125.6
1734.07
1589.91
1501.55
1950.16
1045.01
1625.76
665.27
1224.5
1498.67
811.41
1242.16
1570.9
2076.7
1883.29
1476.0
1318.23
841.0
1351.64
2241.99
1984.09
1202.01
1577.02
1938.17
1047.12
1595.04
1219.65
1441.11
1304.7
1664.83
1901.67
1890.24
1998.71
1612.99
839.42
1842.25
1041.24
1657.42
1428.28
1962.02
1055.55
942.04
1160.0
1397.0
1130.92
1521.62
904.7
1488.65
1852.26
1999.33
2115.45
2068.57
421.67
1333.67
1130.8
1372.25
2156.18
870.76
1548.4
1882.03
1061.6
1233.0
2224.76
1966.31
1523.59
1434.67
570.75
841.23
1246.62
1562.76
1263.19
1352.68
1769.35
1579.23
1261.67
1492.87
803.07
1546.29
2040.33
1961.52
1980.69
1870.42
1553.36
845.1
930.47
1602.53
772.5
1514.89
1523.02
1847.84
1060.08
2030.84
1992.4
851.18
2052.87
916.67
1158.6
1760.98
1228.5
1863.87
2152.97
1528.68
1114.35
1621.06
1121.06
1218.88
1534.05
1077.82
1513.15
1322.66
1218.61
875.77
1589.66
938.18
2066.21
1202.0
1265.96
2016.48
1304.93
626.67
1166.0
1596.03
728.27
602.16
674.49
443.28
1359.26
1804.44
699.84
1431.62
1565.14
1690.43
1804.96
1996.89
1916.17
671.33
1481.41
2143.38
1358.5
1909.49
1368.37
1664.65
1520.64
1314.32
1234.66
1195.95
1397.89
1415.8
1673.81
1205.48
1708.74
673.6
1065.38
1211.54
1842.71
1063.37
1272.53
1033.24
957.76
1513.07
945.22
828.37
391.6
1852.92
1118.33
860.44
2057.66
923.27
1845.89
1210.92
1534.27
1738.12
1390.5
1019.84
1745.73
2307.08
1967.5
816.75
1114.68
941.24
1912.56
668.5
1491.31
1983.19
1358.73
2022.88
1483.6
1034.07
1968.22
1652.63
2231.09
2033.8
1718.59
1661.73
1654.0
714.18
1480.87
1162.91
1723.97
1138.0
432.8
950.53
1161.06
1534.74
2276.93
954.4
1221.09
1580.56
995.52
1288.25
1567.03
1796.34
1378.29
2154.55
968.1
1688.28
769.4
1977.22
1232.89
1239.27
886.13
1838.22
1131.57
1352.17
2318.67
1446.8
1204.4
1799.27
1934.75
1588.26
2143.46
1830.94
1234.26
1649.86
1461.24
1408.85
1293.87
1685.62
1064.2
1705.01
1622.01
1808.02
1724.59
2286.6
2254.85
722.26
1417.78
1810.68
1360.71
722.91
852.27
1044.66
2131.92
1375.6
1345.75
1921.17
878.56
1603.81
1512.3
1745.16
767.25
865.38
1745.57
1900.14
1033.06
1110.8
1891.94
2053.32
1832.06
2059.46
1161.16
769.25
1953.82
1318.71
1248.2
2083.32
1201.29
1908.92
1078.78
1872.19
1690.05
2268.43
1927.95
1021.95
1590.55
1220.53
1628.64
2019.21
1263.09
1509.4
1749.6
1706.1
724.99
712.44
1287.75
1367.5
1928.3
1041.97
1794.82
1228.04
1436.07
1446.23
1464.94
1175.26
1131.21
1936.38
2186.84
1201.22
849.01
1648.95
1551.9
2277.62
722.75
2099.15
1583.83
2179.0
1302.77
2071.81
792.57
1387.83
1400.24
1310.85
1453.2
1025.69
1035.31
1443.57
1150.8
1822.2
1321.12
1693.37
1595.65
1516.46
1248.51
1422.81
2311.79
1731.48
1323.27
1132.25
1125.13
1793.03
1387.94
1435.03
728.11
1449.75
1702.55
1369.74
2007.28
2256.41
832.03
1272.82
1747.19
1544.18
1169.52
2011.73
732.19
1364.59
1591.49
1726.15
1247.39
783.78
950.48
1625.52
1059.6
1408.31
1515.58
1598.77
1840.87
1054.09
2233.95
1490.28
1839.75
1781.59
358.46
1311.6
1034.06
1915.12
2068.3
469.4
1276.89
1346.25
2001.37
1963.31
1944.28
1857.58
1840.12
1107.7
1331.37
1980.15
1483.3
1546.98
1201.91
1142.54
2223.19
1323.0
1466.54
1464.61
1725.5
1390.43
820.45
1328.91
1973.74
986.96
1197.98
1359.28
1522.79
1282.47
970.98
772.52
1532.42
1616.65
1261.18
1193.82
2031.59
1255.57
1751.5
801.0
1310.69
787.75
1047.5
1284.21
998.67
1012.83
1236.87
712.86
1811.3
1314.35
1433.63
1928.3
1356.62
1699.0
1578.53
1316.42
1589.14
1580.98
1353.5
1392.7
938.89
754.0
1150.95
548.1
2275.38
1615.34
1306.75
1259.22
437.68
1303.44
1478.23
1133.94
1193.1
2290.24
1150.55
1309.5
1323.76
1896.07
1836.75
2250.13
1610.55
1110.62
1817.05
1783.38
1593.3
1358.19
1400.79
758.42
1556.16
1226.25
1238.8
2078.21
1951.16
1792.88
1543.48
1585.9
887.82
845.89
1840.75
1666.72
1614.51
496.57
1286.06
1791.17
911.29
1380.88
1737.31
1793.31
258.74
1573.12
2277.93
2067.97
933.05
1210.11
1297.14
1848.35
1622.72
1996.47
1435.98
1418.86
796.17
1396.5
1188.88
967.19
1745.46
387.2
1842.35
783.83
857.5
1388.06
1435.14
1970.98
1428.07
1970.82
1899.93
862.49
2006.05
1541.89
2084.5
744.58
592.91
1485.44
1868.0
1432.88
719.34
1713.37
2098.65
1048.72
1199.22
610.54
1636.38
1809.36
1466.37
2139.75
1574.46
1582.28
578.97
1044.08
1823.67
2138.22
1582.36
2079.35
759.55
1401.51
1423.6
2331.49
1346.88
1277.5
1568.19
2191.13
681.25
1712.58
1492.42
1638.19
1845.17
1259.92
1237.5
1510.96
2002.36
664.6
1101.24
1996.68
1886.85
561.5
1389.39
1273.24
1732.85
2043.18
2209.64
1364.5
906.89
1691.2
1271.2
1516.53
966.83
1522.28
1028.48
1094.4
1417.49
1421.0
2054.67
1450.89
946.04
1574.47
1479.43
1114.27
1496.02
2211.49
1686.22
1479.1
1606.25
1322.0
1972.29
1424.4
2038.19
1788.64
1290.9
1618.02
1270.38
1054.09
1910.89
1616.2
1833.51
1356.88
1809.19
2220.36
531.61
1682.56
833.58
1520.12
1629.74
1936.84
1267.25
794.61
1303.75
1307.65
1342.25
1665.52
2096.84
2279.11
1024.04
2094.45
694.09
1462.76
1033.72
1362.21
1230.15
993.35
1574.98
1670.65
1456.96
687.4
1640.83
1330.8
1334.1
2128.38
1866.67
1383.36
1894.02
1626.83
1258.14
1285.74
1197.49
1462.91
1248.77
2008.65
746.33
988.47
2253.78
672.73
1706.35
1605.81
1281.42
1343.45
1662.75
1346.0
2025.82
2037.86
1048.55
1629.25
821.5
760.65
1677.64
1075.75
2105.74
1843.88
1634.3
1507.84
1603.57
470.4
1684.81
1116.18
1331.41
1592.65
1100.28
1049.5
2076.13
1005.2
1497.52
1700.94
770.25
1753.77
716.17
730.73
1358.22
1837.65
1227.62
1549.07
1343.36
1072.04
2248.7
1469.65
1649.16
1493.8
1487.78
1508.67
743.2
1589.35
2044.98
612.89
725.99
1059.21
1636.91
2204.98
1271.17
2101.31
1373.36
1797.39
2165.88
997.97
1971.01
993.71
1386.06
1300.53
1047.01
2169.69
1247.52
1213.31
1888.1
1278.28
1181.79
1868.04
2118.62
1358.12
2085.13
893.75
932.88
1111.49
1697.66
1458.67
2065.08
1451.16
1429.55
1164.0
775.35
1757.25
2222.32
1036.27
1548.35
1923.3
2311.17
807.92
1879.92
1599.76
745.93
480.4
1697.1
1288.03
1262.89
1031.21
984.07
1827.1
1534.39
1230.87
1731.4
1597.35
1251.1
1003.67
1445.77
1276.84
1513.03
1658.41
1018.61
809.25
682.98
1174.66
1684.2
2143.28
1760.14
2056.73
1124.0
1641.65
1488.86
926.87
1309.7
2022.14
1054.71
1796.46
1512.88
1963.4
1206.09
1370.63
1211.07
1783.87
853.7
872.18
1503.28
1392.95
988.22
994.42
1159.41
1297.91
1983.71
1487.23
1353.83
1916.05
1630.06
1599.66
440.4
324.59
1951.78
1517.08
870.24
1826.06
955.05
1239.88
709.08
1433.26
1121.6
2234.34
844.24
2034.61
1459.1
610.73
1796.69
1066.4
670.43
1339.9
1863.09
1949.3
1321.69
1946.6
1279.6
659.83
2067.97
2145.52
1314.0
2146.62
1132.14
2284.35
1104.76
1819.38
1168.26
1370.4
1065.47
1799.95
1570.28
1575.61
1078.22
1598.71
683.97
733.47
1535.05
1195.9
1993.7
1980.15
1384.35
893.06
1214.08
1788.03
954.62
1518.74
763.55
1408.85
1458.31
1509.65
1396.33
1607.65
966.21
1060.23
1857.52
1613.2
1821.73
954.64
837.58
2151.94
1171.38
1485.65
1576.42
1918.34
1196.41
380.0
2200.13
1466.53
2286.52
1170.67
1297.07
1387.31
2096.05
1725.67
1733.26
1882.11
2076.38
791.14
1892.06
1779.74
1229.28
1655.97
2058.87
1816.59
1791.92
1760.62
1739.16
932.91
1689.99
1219.28
789.5
799.27
1702.67
2085.6
1086.21
523.34
1514.03
749.94
1506.43
1462.92
1088.04
1332.67
1320.83
1327.22
873.0
1823.59
1279.86
1074.52
1020.44
1460.13
1413.43
1543.15
879.17
1048.42
1089.73
2030.04
1304.5
1482.35
1229.03
2287.56
1973.8
1247.14
1787.51
1184.0
1683.19
1215.55
1102.44
1628.26
1534.68
1398.84
741.83
1500.8
1304.03
947.55
2131.41
1069.24
1721.4
1593.87
1689.02
999.64
2161.65
1650.3
2020.47
1673.41
1782.78
1722.73
746.01
1422.4
754.43
1293.5
1023.09
1243.96
1035.56
1926.9
1562.35
1262.74
1128.7
1122.95
1490.07
2260.08
1961.07
689.2
1061.4
936.99
1434.2
1440.85
1552.32
1492.93
1566.49
568.0
1296.22
1703.47
1130.63
1414.11
1213.74
1935.03
1858.54
1200.88
609.75
2294.86
1215.29
1667.4
1615.67
1313.25
1964.39
1282.97
2001.37
1979.11
456.0
1230.88
552.78
1783.02
951.16
994.75
1769.03
1816.19
998.35
1102.41
1610.15
1937.34
1888.19
327.89
1404.99
1040.43
2037.88
1101.28
1855.37
1876.75
2216.63
1234.9
1503.89
1185.2
1558.37
699.54
1454.02
1274.65
1091.15
1789.65
1553.99
1385.0
1616.42
360.0
1834.3
1623.24
1193.99
1050.93
713.27
1677.01
1376.99
1297.43
1133.47
1654.77
1373.79
1224.36
1237.06
1588.42
1642.8
1242.08
1263.38
1245.42
2037.2
2040.28
1942.1
1097.74
1019.28
1373.64
877.0
671.94
1340.57
995.7
1801.94
1707.97
946.42
1818.32
1110.3
2210.39
1164.44
1316.85
1248.12
840.58
1409.61
1408.55
1142.39
1921.14
966.53
1231.05
1267.06
1659.48
666.4
1787.04
1377.75
890.74
1860.05
2136.19
1006.92
1515.8
1033.48
1584.09
1454.82
1264.25
1287.42
716.76
1948.84
1493.67
1815.83
1175.73
1113.56
2105.48
1328.35
1645.59
1006.5
1376.08
1732.13
1386.61
1355.15
1040.82
1516.19
1321.46
1515.85
1207.83
767.04
1275.75
1050.12
1235.0
1117.65
1474.87
1877.86
1604.14
1061.76
1958.82
914.37
1442.2
1287.1
1688.57
1554.93
1196.4
1383.36
1643.84
1432.58
767.87
1077.9
1942.8
1843.0
1585.31
1375.79
1887.03
1739.22
2182.91
1396.45
1280.7
1477.79
1736.63
1797.93
1200.01
1504.11
1256.65
1110.84
785.13
1012.45
2266.29
1178.73
1954.15
1814.33
1675.9
1210.53
868.93
1383.3
2089.28
376.7
1214.48
1309.46
1439.15
1470.43
1477.43
1148.66
955.33
652.05
1293.01
1812.68
1983.58
2453.53
1654.92
1469.04
1678.19
1580.25
2140.11
877.23
1635.9
636.96
973.18
1047.46
1192.26
1249.38
1420.48
1203.68
1433.77
1668.27
1689.35
1256.0
1539.29
1580.66
1290.75
1693.07
1873.41
1808.63
764.49
1153.65
1662.89
1256.63
1180.25
615.6
990.25
1754.35
1681.02
925.24
792.13
1115.6
1748.57
1320.5
1296.41
967.41
1859.94
1336.17
1457.86
1716.92
1357.75
1077.64
712.49
1721.62
1075.44
1025.81
1702.4
2131.3
1432.43
2117.6
1159.76
1494.93
1004.45
876.51
1009.4
1140.28
1315.74
1445.48
901.64
1426.53
2081.18
1223.01
1172.27
1850.62
1400.62
2241.45
1247.6
949.79
1428.06
2033.47
1097.59
1124.89
1448.3
1063.6
572.25
1535.2
1319.63
818.65
937.68
1698.12
945.29
1401.06
1363.79
1005.21
1310.85
1894.0
1863.93
1457.43
2134.77
1096.82
1277.5
1715.47
1929.42
1586.7
2159.25
1995.64
1616.59
1687.34
1298.96
1690.03
1315.4
1208.22
2098.1
1343.34
1377.69
1424.4
850.42
1992.9
891.25
1075.1
1029.34
1970.04
1428.64
1538.37
1684.24
1486.7
1351.73
836.46
1376.28
1194.27
1484.21
1552.04
1045.12
1144.35
1545.4
988.54
1189.6
1084.56
1741.43
2124.03
1186.88
1295.89
718.57
1904.47
527.75
1040.82
845.29
1409.76
1474.78
2121.92
1986.27
1407.3
1885.74
737.09
922.08
1905.13
1548.47
1360.5
1202.19
1645.82
1122.13
1975.95
1974.7
876.7
2367.96
2286.86
2050.31
1848.04
1290.39
770.16
1468.24
1209.2
1426.13
1559.9
1293.99
593.0
1994.35
1713.43
749.06
1205.58
1484.32
1024.94
1451.25
1872.81
1283.48
832.05
1389.13
1744.12
595.74
685.16
625.69
1950.93
1709.2
1530.81
1792.31
1204.89
1822.3
1910.37
1266.15
1492.26
1991.58
1385.27
1265.38
1312.84
1000.87
849.14
1723.44
1467.95
1966.65
1457.32
1019.05
1796.95
1743.97
1614.47
2239.27
1947.92
1561.45
1496.76
2285.96
1892.62
1169.81
775.6
777.9
2112.32
1074.19
1629.95
1626.87
1307.05
1293.06
1474.25
1305.62
1545.02
765.04
1306.55
1979.34
829.02
1760.87
1104.65
1970.4
1440.36
1148.77
964.69
1287.25
1534.74
1740.11
1328.69
1296.64
1951.16
1171.87
2097.21
1355.75
1760.16
1023.26
1685.07
1662.3
1844.71
569.65
539.01
2223.89
1200.24
779.49
1269.71
1158.53
1662.27
1775.28
1517.75
1790.45
1610.94
1299.74
2050.8
1951.72
1365.78
1337.92
1524.78
1751.7
1150.39
1025.4
1692.44
1272.88
1173.42
1380.3
1972.78
1059.55
1916.86
1897.96
682.83
688.3
1558.72
1158.84
1191.77
1755.21
1441.31
1203.2
1239.92
1654.3
1290.75
888.05
1786.5
1585.29
1810.85
1241.3
1824.32
1164.84
1495.17
2011.03
1700.1
2071.3
970.2
596.26
1216.95
1621.56
845.2
789.51
1800.15
1079.41
2198.59
1598.72
1587.99
2046.29
1596.8
1152.53
1639.39
1562.7
1221.07
909.7
641.81
1206.0
1790.91
1847.37
893.74
1261.36
1252.13
1577.6
1329.71
1897.65
2170.93
1972.54
1521.07
2112.21
1031.96
1040.0
518.33
1614.83
1568.01
1306.86
1695.89
1546.7
2063.55
2218.66
1693.11
1207.64
1333.5
1148.66
1731.07
1971.82
2068.93
1072.97
867.14
1755.5
1540.91
1293.13
1532.48
1358.75
2041.52
1119.76
997.11
1449.53
414.59
1338.89
1372.73
1502.96
1163.88
1198.24
1171.73
1487.77
980.63
620.56
1430.0
957.13
1458.78
924.31
1725.41
1149.55
2128.37
2013.09
1603.27
1644.04
1988.56
1105.25
2031.75
457.82
1245.71
2274.09
1486.08
1275.36
1199.66
1326.21
407.54
1241.37
1660.22
1123.2
2053.29
1972.43
584.8
1294.89
454.98
1402.77
1255.75
1535.83
1296.23
1695.98
1834.68
489.45
526.82
1278.0
1067.73
1334.68
1776.2
856.24
1786.59
860.25
2052.27
1577.74
941.71
866.5
1225.25
1491.81
1984.61
751.37
1938.45
1525.01
1442.97
582.65
759.61
1256.05
1150.66
1098.05
1194.86
879.1
1809.16
590.29
1322.54
1594.43
1494.35
2245.84
1490.8
1488.25
896.96
1811.09
704.7
1392.79
1205.95
1331.05
1440.24
1214.02
1328.81
1359.78
1316.95
1355.41
1980.43
2086.18
1882.03
674.98
2032.92
1211.64
1210.59
1956.58
1522.25
1601.1
841.25
1000.25
1228.18
2023.07
1162.99
1937.39
1676.43
966.87
1443.05
1478.2
1769.76
752.75
1026.54
638.16
1192.81
2263.83
1067.15
1691.76
1343.06
1276.07
708.14
1593.67
802.56
1289.29
653.0
1014.06
1144.14
1050.56
1759.85
2056.8
1013.46
1601.82
858.52
677.28
1502.42
1366.8
843.21
1671.03
1602.48
1336.2
1755.92
1226.12
1195.49
1629.37
1581.32
1465.87
1411.9
1421.06
400.42
689.0
1501.32
1117.6
1059.2
1108.01
1272.99
933.44
1002.44
1579.75
1002.98
1022.91
1406.34
1658.37
1659.63
1200.21
1462.36
1675.73
1720.35
1432.41
1917.61
1242.27
1467.2
2000.26
1029.9
1718.21
1249.41
1641.32
1300.0
1038.52
1459.72
1347.38
1849.87
1989.74
1988.39
2077.13
1740.79
1491.99
1427.72
1586.59
1476.74
1263.75
1457.56
1609.13
2222.83
1731.18
1997.43
1276.65
729.4
1348.5
1858.58
1702.23
1657.49
540.52
1264.14
575.36
1447.56
1970.05
1265.91
1347.91
1130.82
972.24
1540.8
1397.14
1409.25
1508.97
1158.56
2040.34
1956.75
673.55
1159.6
1655.62
1179.73
1412.37
1656.16
1515.08
1187.2
696.63
586.65
1824.32
1183.89
1718.25
1845.35
1354.51
1327.28
1937.37
1017.23
1238.83
1324.33
1104.71
1235.76
763.25
1795.92
1551.25
1316.06
497.27
1497.22
1495.91
1220.53
1195.63
2320.24
962.33
721.63
1271.44
1314.25
1859.51
1363.5
1052.37
1910.49
2186.94
1882.94
1264.25
1234.5
635.57
1519.8
1429.55
1715.21
449.8
1735.8
1692.7
1645.09
1340.27
2101.04
975.07
753.99
1706.32
1601.35
1944.51
1383.5
1119.66
1423.64
1181.63
815.45
1860.94
1108.27
1160.33
1290.0
1159.45
1207.53
1493.03
2196.58
1432.86
582.55
1226.96
1274.92
1355.84
1614.9
1230.27
1670.2
1268.82
1689.3
1992.4
1591.66
1215.77
1384.9
2266.08
1290.06
1271.45
1593.57
1032.75
1370.56
1384.15
1002.82
1530.57
887.01
1251.81
1077.6
1370.45
1416.22
826.93
1183.18
2101.95
825.9
2199.54
1207.1
1352.95
1044.92
1479.57
2252.48
1277.87
1303.09
1218.51
1160.37
790.21
1592.91
1230.58
1790.26
1636.33
1551.18
844.23
1577.48
1706.54
1809.19
1169.5
1512.81
1514.74
887.12
1838.59
1929.92
1858.86
1835.59
1828.55
1294.05
1671.19
487.6
1239.2
1206.98
1254.0
628.41
1978.01
1204.31
1240.17
1039.3
1950.28
938.12
245.24
823.13
1267.08
1842.75
2109.33
1872.36
1620.19
2289.83
1190.08
1555.39
1008.97
1477.93
1264.23
850.67
945.81
1900.02
1483.73
751.67
1381.16
1571.18
1224.21
1974.12
1789.8
1245.45
2083.68
1557.96
1569.86
1681.2
1333.25
1326.69
602.8
1017.91
751.25
1547.93
1523.63
1605.27
1469.04
1297.69
1229.7
1341.48
853.75
1795.49
2003.08
1404.43
1955.99
1490.86
1426.55
2188.47
856.48
1373.56
729.78
1629.08
1328.66
1101.85
1235.75
2048.54
1853.76
1411.31
1698.28
806.71
2072.99
1023.21
1301.92
1478.05
1069.32
1121.32
1357.98
1217.12
879.5
946.35
2125.36
1419.31
937.89
2043.33
1409.71
1802.74
561.52
1715.98
1438.75
645.88
1093.29
1650.48
347.2
1257.37
1492.36
1383.14
1447.04
1538.54
1226.49
1657.49
2000.72
557.79
1403.76
825.03
1424.25
1534.94
1238.23
2129.64
2083.02
1862.1
1537.94
1389.0
2108.59
1117.73
1628.3
1204.64
1369.99
1184.0
1802.67
424.25
763.0
1043.27
1053.41
1638.75
790.24
1393.59
2047.48
1268.85
1303.85
518.5
1233.0
1290.68
1186.36
1109.34
816.32
1781.65
1470.46
2237.26
1637.91
1728.91
703.62
1463.46
1727.33
1483.45
1437.18
2056.77
1230.25
1263.0
1448.05
1358.5
2297.94
1919.78
1325.43
1068.03
1653.88
946.34
1419.42
852.09
1709.88
1322.75
1580.74
1324.14
1904.77
2151.61
1908.27
548.14
1293.7
1531.89
1473.98
916.92
1395.9
1278.63
1383.75
940.85
2202.43
1539.72
1422.66
2123.36
1983.28
1593.85
1273.03
1500.98
1412.06
1250.42
533.64
1903.67
1893.98
1269.01
1229.59
1727.52
712.19
553.39
560.3
1804.39
1184.49
